5.000
10.000
-25.000
-25.000
-25.000
3.000
-25.000
-25.000
-1.000
-15.000
-25.000
7.000
-25.000
-25.000
-25.000
-25.000
17.000
-25.000
19.000
-25.000
-1.000
-25.000
-25.000
-25.000
-25.000
-25.000
-11.000
19.000
14.000
-25.000
-25.000
14.000
-25.000
-25.000
-25.000
-25.000
-25.000
2.000
-25.000
-4.000
0.000
-25.000
3.000
-15.000
9.000
-25.000
8.000
-25.000
-25.000
-25.000
-25.000
-25.000
3.000
1.000
18.000
-25.000
14.000
-25.000
-25.000
12.000
-25.000
-25.000
-25.000
-25.000
-25.000
-25.000
17.000
-25.000
-25.000
-18.000
-25.000
-25.000
-25.000
-25.000
-25.000
-25.000
-25.000
-13.000
-25.000
19.000
21.000
-25.000
-25.000
-25.000
-25.000
0.000
-25.000
-16.000
-25.000
-25.000
-25.000
3.000
-25.000
-25.000
-25.000
-25.000
-25.000
-9.000
11.000
-25.000
-25.000
-25.000
-25.000
-25.000
-25.000
11.000
-8.000
4.000
-25.000
-25.000
12.000
-25.000
-25.000
-25.000
-25.000
-25.000
-25.000
-25.000
-25.000
8.000
-25.000
-25.000
-25.000
-25.000
-25.000
16.000
13.000
-25.000
-25.000
-21.000
2.000
-25.000
-25.000
-25.000
-25.000
14.000
-25.000
-25.000
-25.000
21.000
20.000
5.000
15.000
22.000
1.000
-25.000
-25.000
0.000
19.000
-8.000
-25.000
2.000
-25.000
15.000
-2.000
-25.000
4.000
-17.000
-25.000
15.000
-25.000
-25.000
-25.000
14.000
-9.000
-25.000
-25.000
-25.000
-25.000
-25.000
-25.000
5.000
4.000
-25.000
-25.000
-25.000
-4.000
-25.000
-25.000
-25.000
21.000
-25.000
20.000
1.000
-25.000
-25.000
-25.000
-25.000
0.000
-25.000
-25.000
8.000
-25.000
-25.000
-25.000
-25.000
17.000
-25.000
-25.000
-25.000
-25.000
1.000
-25.000
-1.000
-25.000
-25.000
7.000
8.000
4.000
3.000
-25.000
-25.000
-25.000
-25.000
22.000
17.000
-25.000
-25.000
-25.000
-25.000
-7.000
-25.000
-25.000
-25.000
-25.000
-25.000
-18.000
-25.000
-25.000
-9.000
-5.000
-25.000
-25.000
-25.000
-14.000
-16.000
-8.000
-25.000
-25.000
18.000
19.000
17.000
14.000
21.000
4.000
-25.000
-25.000
-7.000
4.000
-25.000
-25.000
-25.000
-4.000
-25.000
-25.000
-25.000
-3.000
-25.000
-25.000
-1.000
-25.000
19.000
-25.000
6.000
-25.000
-25.000
-25.000
-25.000
-25.000
-25.000
-25.000
-25.000
-25.000
-25.000
-25.000
-25.000
-25.000
-25.000
-25.000
-25.000
-25.000
5.000
-25.000
-25.000
-25.000
-25.000
-5.000
-25.000
0.000
4.000
9.000
-25.000
-25.000
-25.000
-25.000
16.000
-13.000
-25.000
-25.000
-1.000
-25.000
-25.000
-25.000
17.000
-25.000
-25.000
-10.000
-25.000
-3.000
-25.000
7.000
-25.000
13.000
21.000
-25.000
20.000
-25.000
-25.000
-25.000
12.000
-25.000
-1.000
-25.000
-25.000
-25.000
-5.000
-25.000
-25.000
-25.000
4.000
19.000
-25.000
-25.000
-11.000
-25.000
-25.000
13.000
-12.000
-25.000
-25.000
3.000
-25.000
-25.000
-25.000
-25.000
-25.000
7.000
-25.000
-25.000
-7.000
-25.000
-25.000
2.000
-25.000
-25.000
1.000
24.000
-25.000
-25.000
-25.000
-25.000
-25.000
11.000
-25.000
-25.000
-25.000
-25.000
10.000
-11.000
-25.000
-25.000
18.000
-25.000
-25.000
3.000
-5.000
-25.000
-25.000
9.000
13.000
-25.000
-25.000
-25.000
-25.000
-25.000
-25.000
0.000
4.000
-25.000
21.000
-25.000
-25.000
-1.000
-25.000
13.000
-25.000
5.000
-25.000
-7.000
-25.000
-25.000
-25.000
-25.000
-25.000
-25.000
-12.000
-25.000
-16.000
-25.000
10.000
-25.000
-25.000
-25.000
-25.000
-25.000
-1.000
-25.000
-25.000
-25.000
-25.000
4.000
-17.000
14.000
-11.000
18.000
3.000
-25.000
22.000
-25.000
-25.000
7.000
-9.000
-25.000
-25.000
3.000
-25.000
-1.000
8.000
10.000
-25.000
-5.000
-25.000
-8.000
-25.000
-25.000
-25.000
-25.000
-25.000
-25.000
-25.000
-25.000
-25.000
-25.000
-25.000
-25.000
-10.000
-25.000
-25.000
-25.000
-25.000
-25.000
-25.000
4.000
-25.000
-25.000
18.000
-25.000
-25.000
-25.000
-25.000
-7.000
23.000
-25.000
-25.000
-25.000
-25.000
0.000
-25.000
-25.000
-25.000
-25.000
-25.000
-25.000
16.000
-25.000
-25.000
20.000
-25.000
-25.000
-25.000
-2.000
4.000
-25.000
-7.000
-25.000
-25.000
-25.000
-25.000
-25.000
-11.000
3.000
-25.000
-5.000
-25.000
-25.000
-18.000
-25.000
-25.000
-25.000
4.000
-25.000
-25.000
-2.000
-25.000
13.000
-25.000
-25.000
-25.000
-25.000
-25.000
-25.000
-25.000
0.000
-25.000
-17.000
-25.000
-25.000
-25.000
-25.000
-25.000
-25.000
-13.000
14.000
22.000
-25.000
-6.000
-25.000
-25.000
19.000
-25.000
-25.000
2.000
-25.000
-25.000
-----
21
37
62
87
112
114
139
164
170
190
215
233
258
283
308
333
342
367
373
398
400
425
450
475
500
525
541
548
559
584
609
621
646
671
696
721
746
749
774
783
788
813
815
835
852
877
894
919
944
969
994
1019
1042
1046
1054
1079
1090
1115
1140
1154
1179
1204
1229
1254
1279
1304
1313
1338
1363
1386
1411
1436
1461
1486
1511
1536
1561
1579
1604
1610
1615
1640
1665
1690
1715
1716
1741
1762
1787
1812
1837
1860
1885
1910
1935
1960
1985
1994
2009
2034
2059
2084
2109
2134
2159
2174
2182
2204
2229
2254
2267
2292
2317
2342
2367
2392
2417
2442
2467
2485
2510
2535
2560
2585
2610
2619
2632
2657
2682
2704
2728
2753
2778
2803
2828
2839
2864
2889
2914
2919
2925
2946
2956
2960
2964
2989
3014
3019
3026
3034
3059
3062
3087
3098
3105
3130
3131
3153
3178
3188
3213
3238
3263
3274
3288
3313
3338
3363
3388
3413
3438
3459
3480
3505
3530
3555
3564
3589
3614
3639
3644
3669
3674
3678
3703
3728
3753
3778
3779
3804
3829
3847
3872
3897
3922
3947
3956
3981
4006
4031
4056
4060
4085
4087
4112
4137
4156
4174
4196
4198
4223
4248
4273
4298
4302
4310
4335
4360
4385
4410
4417
4442
4467
4492
4517
4542
4560
4585
4610
4624
4634
4659
4684
4709
4728
4744
4757
4782
4807
4814
4820
4828
4840
4844
4845
4870
4895
4907
4908
4933
4958
4983
4992
5017
5042
5067
5075
5100
5125
5131
5156
5162
5187
5206
5231
5256
5281
5306
5331
5356
5381
5406
5431
5456
5481
5506
5531
5556
5581
5606
5631
5652
5677
5702
5727
5752
5762
5787
5792
5793
5810
5835
5860
5885
5910
5919
5937
5962
5987
5993
6018
6043
6068
6076
6101
6126
6141
6166
6174
6199
6217
6242
6254
6258
6283
6289
6314
6339
6364
6378
6403
6404
6429
6454
6479
6484
6509
6534
6559
6581
6588
6613
6638
6654
6679
6704
6717
6734
6759
6784
6786
6811
6836
6861
6886
6911
6930
6955
6980
6992
7017
7042
7065
7090
7115
7140
7141
7166
7191
7216
7241
7266
7280
7305
7330
7355
7380
7396
7412
7437
7462
7470
7495
7520
7522
7532
7557
7582
7599
7612
7637
7662
7687
7712
7737
7762
7767
7788
7813
7818
7843
7868
7874
7899
7911
7936
7957
7982
7990
8015
8040
8065
8090
8115
8140
8157
8182
8198
8223
8238
8263
8288
8313
8338
8363
8364
8389
8414
8439
8464
8486
8508
8520
8536
8543
8565
8590
8594
8619
8644
8662
8671
8696
8721
8723
8748
8749
8766
8782
8807
8817
8842
8855
8880
8905
8930
8955
8980
9005
9030
9055
9080
9105
9130
9155
9170
9195
9220
9245
9270
9295
9320
9321
9346
9371
9379
9404
9429
9454
9479
9491
9493
9518
9543
9568
9593
9598
9623
9648
9673
9698
9723
9748
9757
9782
9807
9813
9838
9863
9888
9895
9917
9942
9949
9974
9999
10024
10049
10074
10085
10087
10112
10122
10147
10172
10195
10220
10245
10270
10291
10316
10341
10348
10373
10385
10410
10435
10460
10485
10510
10535
10560
10565
10590
10608
10633
10658
10683
10708
10733
10758
10776
10788
10791
10816
10827
10852
10877
10884
10909
10934
10937
10962
10987
